1 1 1 1 -0.199433025 12 2 2 1 3.645450552
1 1 1 2 -3.257110126 12 2 2 2 2.653294657
1 1 1 3 -6.097795531 12 2 2 3 1.176665963
1 1 1 4 -1.801171635 12 2 2 4 -0.556436938
1 1 2 1 2.47920259 13 2 1 1 6.995088621
1 1 2 2 0.556467843 13 2 1 2 4.50804089
1 1 2 3 -4.200284644 13 2 1 3 1.706578724
1 1 2 4 -0.503255249 13 2 1 4 -6.948706763
2 1 1 1 0.579324004 13 2 2 1 1.655868771
2 1 1 2 1.795684047 13 2 2 2 4.001138681
2 1 1 3 -7.84372224 13 2 2 3 1.859375282
2 1 1 4 -10.06203038 13 2 2 4 1.177417998
2 1 2 1 -2.12002035 14 2 1 1 -0.303659036
2 1 2 2 1.961510909 14 2 1 2 0.032991042
2 1 2 3 2.053270279 14 2 1 3 -8.837578381
2 1 2 4 4.28509354 14 2 1 4 5.272748506
3 1 1 1 0.594384847 14 2 2 1 0.332346267
3 1 1 2 13.08583217 14 2 2 2 0.028241458
3 1 1 3 -7.755593652 14 2 2 3 -1.28059761
3 1 1 4 -7.652534463 14 2 2 4 -1.091097724
3 1 2 1 2.186481394 15 2 1 1 -8.00357811
3 1 2 2 -0.253338241 15 2 1 2 -1.398753195
3 1 2 3 -2.68651742 15 2 1 3 -3.388708179
3 1 2 4 1.222242781 15 2 1 4 -10.4677522
4 1 1 1 7.008679635 15 2 2 1 -0.850897936
4 1 1 2 9.396533372 15 2 2 2 0.249953261
4 1 1 3 -2.119601508 15 2 2 3 -0.359438631
4 1 1 4 -3.948526636 15 2 2 4 0.276717839
4 1 2 1 1.969926726 16 2 1 1 -1.190984659
4 1 2 2 1.345195294 16 2 1 2 0.985835269
4 1 2 3 -0.845207026 16 2 1 3 -2.829419859
4 1 2 4 -2.315714263 16 2 1 4 -3.17059446
5 1 1 1 9.469642722 16 2 2 1 0.545197278
5 1 1 2 2.550111058 16 2 2 2 3.393442227
5 1 1 3 4.732536916 16 2 2 3 -0.475404056
5 1 1 4 5.394352277 16 2 2 4 1.048609558
5 1 2 1 0.666808812 17 2 1 1 2.939809264
5 1 2 2 4.740998052 17 2 1 2 10.85359371
5 1 2 3 -0.672978867 17 2 1 3 -3.722642625
5 1 2 4 -0.199835394 17 2 1 4 0.69149394
6 1 1 1 -6.005567639 17 2 2 1 -0.49561995
6 1 1 2 8.732595809 17 2 2 2 1.318456583
6 1 1 3 -4.998981543 17 2 2 3 -1.363158874
6 1 1 4 5.347002874 17 2 2 4 1.501276621
6 1 2 1 5.265503882 18 2 1 1 -0.731155605
6 1 2 2 0.90179087 18 2 1 2 3.035331218
6 1 2 3 -0.982043294 18 2 1 3 10.79346831
6 1 2 4 -0.063627675 18 2 1 4 2.340906825
7 1 1 1 2.178684206 18 2 2 1 1.080578996
7 1 1 2 6.207547426 18 2 2 2 -4.322238012
7 1 1 3 -0.372947673 18 2 2 3 -4.037473506
7 1 1 4 -2.515639846 18 2 2 4 2.821756483
7 1 2 1 1.947725446 19 2 1 1 -7.637179919
7 1 2 2 2.742861691 19 2 1 2 -4.684496483
7 1 2 3 -1.10561243 19 2 1 3 -9.61826304
7 1 2 4 1.142331658 19 2 1 4 -10.88681822
8 1 1 1 3.473064383 19 2 2 1 0.528877263
8 1 1 2 6.834012012 19 2 2 2 5.000027971
8 1 1 3 0.319412923 19 2 2 3 5.036821017
8 1 1 4 -8.148487852 19 2 2 4 1.220096839
8 1 2 1 -0.573665795 20 2 1 1 -11.05336479
8 1 2 2 0.050016286 20 2 1 2 -0.571742129
8 1 2 3 -4.41972017 20 2 1 3 -11.6323534
8 1 2 4 -4.60992034 20 2 1 4 -5.553300133
9 1 1 1 3.227905411 20 2 2 1 -1.069254728
9 1 1 2 6.950558186 20 2 2 2 -1.822197379
9 1 1 3 -1.751515803 20 2 2 3 -0.796320339
9 1 1 4 -2.632273349 20 2 2 4 1.067784422
9 1 2 1 6.500339875 21 2 1 1 -1.695086081
9 1 2 2 1.446851398 21 2 1 2 2.676954209
9 1 2 3 -2.818420161 21 2 1 3 0.059231146
9 1 2 4 0.649838638 21 2 1 4 -0.030720039
10 1 1 1 -0.785676311 21 2 2 1 0.534649542
10 1 1 2 0.907771737 21 2 2 2 0.891207214
10 1 1 3 -1.314186537 21 2 2 3 0.510001948
10 1 1 4 -0.822383964 21 2 2 4 -0.578939074
10 1 2 1 1.960098655 22 2 1 1 1.882796607
10 1 2 2 -0.735292122 22 2 1 2 2.206442557
10 1 2 3 -0.192647106 22 2 1 3 0.165363349
10 1 2 4 -0.732942363 22 2 1 4 8.449809985
11 2 1 1 0.783003671 22 2 2 1 0.283382291
11 2 1 2 3.551837181 22 2 2 2 0.710908822
11 2 1 3 -4.417912977 22 2 2 3 -1.229336454
11 2 1 4 4.221018801 22 2 2 4 0.227583336
11 2 2 1 0.380875478 23 2 1 1 -1.565415884
11 2 2 2 3.128745017 23 2 1 2 1.85562997
11 2 2 3 -1.018740063 23 2 1 3 3.347694472
11 2 2 4 -1.762189915 23 2 1 4 4.237200596
12 2 1 1 2.661981324 23 2 2 1 2.803884792
12 2 1 2 4.909653675 23 2 2 2 1.465135911
12 2 1 3 -1.798135049 23 2 2 3 -2.591379572
12 2 1 4 -5.352090715 23 2 2 4 0.171340156
